0.6120534856025651
0.6126143570422118
0.6126823233502273
0.6130377008857983
0.614359719203359
0.6152260111639933
0.616641987897224
0.6173870870955898
0.6176123945162094
0.6176316303731982
0.6177488520084532
0.6184122009141904
0.6186552400572267
0.6195408027647915
0.6200042806400925
0.6200530370349193
0.6203696896039549
0.6205076545157234
0.6206035466193035
0.6208688159730402
0.6210436694137336
0.6211126268551489
0.6212308220058159
0.6215762300099299
0.6215781351032388
0.6217479080512986
0.6217698289022504
0.6218102794363511
0.6221562719136783
0.6225606611350187
0.622705250465023
0.6230783681842991
0.624524064453469
0.6255208382159285
0.6261433098977658
0.6262975234730341
0.6264703376866921
0.6269886714057131
0.6273579120444022
0.6279507193998803
0.6280666174407277
0.629316180601264
0.6298575275011042
0.6300320091408197
0.6302357948480233
0.6305370429744794
0.6306787760808412
0.6306896951825982
0.63080888915415
0.6309127066283965
0.6312509125452739
0.6313525705812991
0.631887528965659
0.6320302029840953
0.6322575970696336
0.6323708871604274
0.6326848712473524
0.6331535662269637
0.6331693540068679
0.6337400787052901
0.6346012636934601
0.6354211728553503
0.6354991309291584
0.6360560954450303
0.6364691592679399
0.6374257040279306
0.6376822255752608
0.6383351393171126
0.6383635455042634
0.6385839990674927
0.6388643532419971
0.6391968005374162
0.6394367238264311
0.6402448172591736
0.6404542997780778
0.6405436412105552
0.6405949123861306
0.6411625987760634
0.6412036271158453
0.6414761706479366
0.6418693785495604
0.6423106569099225
0.6426200576009412
0.6432093238502024
0.6433300519527281
0.6435510712819368
0.6439084233605153
0.6440707835984527
0.6443449839897217
0.6444376835738547
0.6446361178782611
0.645133424199507
0.6452082987611198
0.6460135284199232
0.6460479179080696
0.6462032818662009
0.6462904590432744
0.6463798379727762
0.6472404809780734
0.6473927631568152
0.6474687035473844
0.647543130068181
0.6475608839401261
0.6476501744482381
0.6478101093189579
0.6478395113785682
0.6486550714972799
0.6488445355860151
0.6494762522334646
0.6495632079071025
0.6497599573208592
0.649846066088227
0.6498673621907163
0.6505237630863409
0.6508311977082025
0.6509639847072277
0.6509720233856345
0.6511075206716365
0.6513258230579058
0.6513867989000842
0.6516182227735793
0.6517355806362244
0.6518289125544933
0.6519215663318318
0.6520870816702484
0.6531855398630957
0.6536112403691817
0.6537777890362813
0.6537914022821935
0.6541083707946495
0.6546539179910495
0.6550039006725958
0.6551280494141675
0.6551919430777104
0.6555016130638113
0.6555299226644815
0.6558093611355218
0.6558461981793937
0.6558756003108961
0.6559021853791261
0.6560601837644506
0.6560920323080552
0.6561149438971102
0.6562051551325097
0.6567800102895296
0.6570392506817492
0.6573675754062116
0.6577480156956916
0.6582535539807187
0.6582653832510659
0.658301956724209
0.6585839236702984
0.6587436910975827
0.658764591217029
0.6587673495502813
0.6587683460844272
0.6590523232158253
0.6593764375056058
0.6593973019879555
0.6595534442903763
0.6595604782265085
0.6596092258132058
0.6599042273469764
0.660353642082216
0.6604154235067495
0.6610286316898196
0.6612283641444584
0.6613202866548111
0.6613248619140577
0.661343415377709
0.6615713412230918
0.6615822178658889
0.661784788451937
0.6620633277935254
0.6624412630899101
0.6624538146140755
0.6624686154374333
0.6625230944604003
0.6626711574725369
0.6627575760101677
0.6628638203904107
0.662866446478843
0.6628724383362657
0.6629097177610387
0.6631571537822907
0.6631645040177376
0.6632424570402072
0.6635074240429469
0.6636348552954612
0.6636888573646034
0.6637591224371213
0.6643831798451408
0.6645648889198392
0.6646871772262628
0.6647418846912793
0.6650654361490596
0.6653230080722874
0.6653295895159551
0.6653619404581415
0.6657897959338404
0.6658482534381394
0.6659157526775541
0.6660193419749249
0.666065210049936
0.6664360979639424
0.6664470550671683
0.6664624456095124
0.6666182860288031
0.6670634218732127
0.6675698447951853
0.6678809316646949
0.6682371375508127
0.6686880990526132
0.6688475833447395
0.66906543239732
0.6693853948922122
0.6695492371029957
0.6697675682581007
0.6701363702790577
0.6702117373115939
0.6708064514327768
0.6709641818213447
0.6710479141064418
0.671140356977846
0.6721251651644841
0.6729761450165712
0.6731239262240184
0.6735848777378256
0.6736121294971172
0.6744160079011323
0.6747587345505299
0.6749716215135921
0.6754016126591179
0.6754029861584433
0.6755387891446997
0.6759028109184797
0.6763385107313846
0.6771464081901155
0.6773084169723225
0.6780036887676821
0.6780585089909567
0.6782634208203151
0.678323032101387
0.6793934377652442
0.6795688565409752
0.680004738349078
0.6803592716330484
0.6807217492439288
0.680957001040105
0.681318456636073
0.6816653481586565
0.6816861021359056
0.6816935962042275
0.6817115194246807
0.6825881793523494
0.6832390995454874
0.6844219638905888
0.6845036366662718
0.6846320525925121
0.6849995536390183
0.6854070487082522
0.6866134637056067
0.6881364483762076
0.6883279504551207
0.688341914703625
0.6889490839626936
0.6895486259302419
0.6898196508077576
0.6900201178361317
0.6907355096826531
0.6914346775081199
0.6914598248989381
0.691586717929529
0.6941045854817585
0.6942578652879521
0.6953059769405656
0.6966671071233077
0.6980198712694523
0.6983494755178754
0.6988336137533295
0.6992427687566944
0.7011168886678141
0.7012719035771611
0.7013457646183443
0.7019236868513004
0.7023095832773661
0.7024202326139007
0.7029713646589145
0.7030239995921089
0.7043229068564119
0.7048982854774317
0.7055742139055684
0.7056488747349624
0.7058075891590192
0.7058434870897703
0.7064406286451996
0.7076476382335357
0.7078974745680673
0.7079563670582406
0.7086523406690046
0.70870395604187
0.7093426236784005
0.7095150564359141
0.7097306908868983
0.709864197003975
0.7099772720637977
0.7110612716859548
0.7115467084859599
0.7116986337507181
0.713343753573211
0.7141459566841345
0.7142011129802681
0.7147190512085109
0.7161211714939864
0.7161258396027694
0.7162929561965602
0.7187324688654724
0.7191650750574364
0.7202908711646767
0.7211844668970588
0.7215513028891738
0.7221584202168703
0.7224058582389621
0.7233480592874886
0.723455159641932
0.7251526352728185
0.7258292437972659
0.7258312797426845
0.7268142267030666
0.7275821941850327
0.727821954090494
0.7278425856879315
0.7296108574320417
0.7296184246053403
0.7303847963696403
0.7304681338058221
0.7308858798027024
0.7323690640592995
0.7325882413001972
0.7326421698101115
0.7334194932881137
0.734806174348696
0.7362808405704643
0.7388645627538953
0.7388981042430124
0.7415828376638856
0.7419925055643052
0.7435010971103905
0.7449381155824979
0.745023189048838
0.7450389747286634
0.7450948536176024
0.7456244747983936
0.7463001817749579
0.74653651921993
0.7471982060793113
0.7480253452568987
0.7491661985231612
0.7505863484732076
0.7525013084623711
0.7525561204237338
0.7549153141546953
0.7591922459913234
0.7603466817879948
0.7629643187788744
0.7633803773031482
0.7637216594422758
0.7652485398763323
0.7667730195440139
0.7694463823958402
0.7715449070768006
0.7740609429342845
0.7788707310954561
0.7804488046821371
0.780854942098776
0.7866680923622595
0.790748437502724
0.7913990100029002
0.7920237659113272
0.7921258776877913
0.7928826397773894
0.7941330911994839
0.7983117350256049
0.8062747646694002
0.8064727286072708
0.8082055539601634
0.8095277761041922
0.8165114938909603
0.8186721610966476
0.8191539546569944
0.8197490597775519
0.8206644061779185
0.8212331459106386
0.821332827089515
0.824320525292039
0.8243819730596637
0.8294348074060114
0.8311086670413801
0.8412412232603989
0.8460669586793792
0.8582857791838729
0.8632416722335297
0.8722570538982416
0.875859084630566
0.8892393593554582
0.9317483791512997
0.9585970943632458
1.0009874619050685
1.0355021049820974
1.1083920995873426
1.2904331850771653
1.307671305928543
1.3181525822598474
1.3225627228061057
1.3777891242238354
1.3843738564977677
1.3939315144836804
1.4389712602395295
1.4941334847448193
1.629593407813689
1.7332360972330192
1.7400525385864012
1.8333425344848995
1.8341682109500046
1.8350248514283605
1.8353077103484767
1.8354564156087863
1.8356557984377266
1.8440096450344006
1.845049634396925
3.8784239114636807
6.2868434878721375
