286
190
74
238
430
374
352
382
30
120
126
376
309
230
82
422
285
326
270
401
261
226
174
25
322
257
130
356
269
278
134
318
86
357
31
425
334
38
139
353
304
213
178
370
217
310
177
316
78
209
23
161
125
34
256
373
26
88
305
114
214
406
71
418
216
361
402
165
118
404
136
142
144
210
308
420
360
189
329
258
333
182
162
265
405
277
280
354
417
306
93
83
166
90
138
262
141
428
140
416
185
148
236
412
321
129
421
379
215
307
364
35
274
223
128
237
133
220
231
328
112
423
380
179
68
273
131
87
381
92
184
81
311
91
284
363
358
122
234
331
44
164
317
132
279
163
228
377
378
427
123
419
181
70
266
330
371
218
314
186
180
46
229
410
27
37
426
152
169
332
235
75
362
170
187
137
259
372
79
366
367
283
89
36
276
375
359
411
267
167
172
85
260
135
320
369
211
312
323
263
233
225
227
119
173
300
249
224
327
18
403
342
19
324
414
272
325
407
42
282
409
202
275
355
124
33
48
345
429
315
201
313
40
232
153
368
219
183
171
104
116
346
268
264
319
94
98
45
281
72
188
106
121
221
41
393
176
394
145
101
212
115
408
197
73
84
294
17
208
105
5
97
198
156
400
39
56
62
32
108
54
127
102
154
386
1
110
12
149
168
205
2
247
204
195
60
155
298
57
348
151
96
243
365
13
117
301
290
107
251
61
194
99
222
146
341
250
338
150
396
109
7
24
29
390
11
147
10
297
59
9
28
349
252
157
49
113
339
103
199
53
246
43
3
299
242
58
397
51
253
241
100
302
77
291
347
55
64
175
15
424
395
76
203
398
80
343
160
391
413
350
6
245
158
295
289
206
69
143
66
254
47
63
22
239
50
287
95
387
191
335
431
111
67
383
271
20
415
14
159
207
337
303
196
255
399
65
351
193
0
293
248
385
296
4
392
192
8
200
52
292
389
288
384
336
388
240
340
344
244
21
16
