-0.37550810211996216
-0.4103467321871711
-0.41993181722556405
-0.4291485977116617
-0.4342013085846783
-0.4383143870312616
-0.44020791022583394
-0.4443904163727409
-0.4562367949665776
-0.47635009969796316
-0.4792444874278192
-0.4811655834668124
-0.48143866204290553
-0.48285014285060324
-0.48541919324560406
-0.4857177309252044
-0.4861875581794314
-0.5023904990236063
-0.507176469027964
-0.5150534901456019
-0.5235009726915143
-0.5371842233547349
-0.548867419866555
-0.5610761247489695
-0.5615238745091329
-0.5716185598445123
-0.5722920058372057
-0.5738615626073085
-0.574327205260159
-0.5759371280442065
-0.5828120392298191
-0.5902223233467291
-0.592869189645909
-0.5998092860856157
-0.6026938455324046
-0.6060712112056916
-0.6183101220733456
-0.6196786432255957
-0.620494856061877
-0.6312887349230545
-0.6350645768014436
-0.6512904439023992
-0.659813952377082
-0.667779563497026
-0.6703071026264655
-0.6718887891871024
-0.6854795319409976
-0.700185977954025
-0.7107517855830691
-0.7155229599926094
-0.7200942430222748
-0.725071969643827
-0.7281849381934266
-0.735374922373266
-0.7373310718473813
-0.748483426665846
-0.7638533419309566
-0.7870318915665738
-0.7895410997611625
-0.8219684289213677
-0.8520842651602165
-0.9103647408470513
-0.9121328665943096
-0.9237441974921282
-0.9315777183345664
-0.9489846277380127
-0.9492843743577365
-0.9514036416026117
-0.9526805840525306
-0.9824846192323751
-0.993416458123092
-1.0140508098998624
-1.0276790475149826
-1.0276929870904723
-1.0293987295736986
-1.1160716397357366
-1.1289290651545163
-1.1373320485241412
-1.1515696076155073
-1.1886867211447714
-1.2034948830176875
-1.2258004874774802
-1.233315492809822
-1.2471382647049796
-1.250597934742061
-1.25944259623744
-1.265576517811529
-1.2680244480406353
-1.2734427140163596
-1.2746943012498704
-1.2780254941577625
-1.296322713230974
-1.3042140482221958
-1.3221535823638917
-1.328173719022788
-1.338238248843992
-1.352659894877369
-1.359096718751296
-1.3776499909722317
-1.4053503373703538
-1.412286625498207
-1.4312181314922614
-1.4657281949824708
-1.5175132578251764
-1.5392624693411752
-1.5401069121294126
-1.5471553593123428
-1.553176999889168
-1.573402138276578
-1.6411240275567947
-1.642086346073478
-1.6808892783964375
-1.6878789942553816
-1.6939071504322394
-1.7253821809364336
-1.735056147378745
-1.7467060792028195
-1.7605334223336517
-1.7765501431220887
-1.8001658460932015
-1.81606792964506
-1.8227672927516934
-1.8271555957548518
-1.8580475879834564
-1.9031667959497867
-1.907271423458827
-1.9362045581971896
-1.941255270247658
-1.9532689566292925
-1.9636772014990578
-2.043023379651355
-2.0545812795788194
-2.0596195906398487
-2.0668366487025116
-2.1280219897508035
-2.184285277266786
-2.1970846121184566
-2.231595507755854
-2.235804125934255
-2.237039091330296
-2.2734560457958506
-2.3269322311353067
-2.3523648603750646
-2.4048659004709596
-2.596096764985837
-2.6423290475508123
-3.2844099465783207
-4.72114338385718
-9.367694313383062
-10.59338281465089
