0.09866660088300705
0.09865282475948334
0.09858568757772446
0.09852252155542374
0.09756269305944443
0.09728690981864929
0.07703186571598053
0.07010428607463837
0.06916458159685135
0.06878180801868439
0.06869801133871078
0.06863918900489807
0.06443606317043304
0.06438847631216049
0.06353699415922165
0.06328783929347992
0.06324326992034912
0.062367018312215805
0.06190252676606178
0.06000610440969467
0.051180630922317505
0.049141041934490204
0.04756110534071922
0.04059986025094986
0.03762175515294075
0.037581801414489746
0.036530837416648865
0.03529667854309082
0.03469846025109291
0.03127158060669899
